14
63
144
25
493
598
137
904
92
1508
12
812
4329
48
9751
46
393
69
254
76
1149
181
684
8
7
141
1928
5052
18
2349
850
1434
13
140
30
3411
6716
270
281
222
73
45
8
74
83
111
81
77
30
772
248
9
163
282
1530
7023
1053
584
1155
297
764
362
40
158
25
2249
23
3443
2430
288
3923
2589
4267
3403
4058
8
967
13
37
321
341
1893
6340
74
505
1092
347
860
827
25
19
33
38
72
1786
47
2220
45
1816
1366
43
1178
163
191
12
10
24
47
191
100
1544
68
3282
17
58
45
238
218
113
48
96
483
1621
86
2548
1888
7434
45
322
521
56
1467
1511
1343
39
12893
17
526
318
6307
78
448
65
41
614
3283
167
25
977
336
17
3062
114431
786
13567
310
34
262
146
175
4892
241
87
5788
28
1002
2
153
645
286
1433
211
659
8307
740
3677
146
288
61
281
11
81
607
880
56
157
18
174
13
2616
1433
16
246
961
142
25
21305
932
12
14
744
90
699
46
87
33
15
19
26
833
38
68
123
1075